.Random.seed <-
c(10403L, 10L, 643614310L, 417624560L, -980574445L, 1171792049L, 
-1825447072L, -788025090L, -1197916023L, 2003242939L, 1095825802L, 
750504044L, 1625172463L, 2107105829L, -349522212L, 2073504946L, 
890675117L, -1949547673L, 869646478L, -1659413144L, -362021525L, 
1868189449L, 928981400L, -1083463482L, 1084095009L, 982893235L, 
1650102306L, 1722583572L, 1509478039L, 375300237L, -1563159132L, 
-2001758326L, -1395878923L, -1698309553L, 73850198L, 87037952L, 
-1073067709L, -1327659807L, 2067095120L, -578272594L, -1675180455L, 
-1549300117L, -121723942L, 333247644L, -605675873L, 1248572661L, 
-1870334580L, -439275422L, -564715459L, -223601993L, 1029275998L, 
262416536L, -131501061L, -1836596839L, -367033816L, -207818026L, 
1038907217L, 1769191939L, 1257581970L, -1021363420L, 661478887L, 
-1523303875L, 1123734708L, 1785156378L, 1320843365L, 173748479L, 
261702022L, 1879684880L, 1508119475L, -340930479L, -1031478272L, 
1984390366L, 1375098665L, 308832987L, 2101641706L, -2100713076L, 
1468468943L, -973098363L, -1255519940L, -1394330606L, 211458829L, 
1701496903L, 946973230L, -2146233464L, -750207349L, 1557262441L, 
-1397859272L, 2122722534L, 1032574081L, 1182696467L, -401386558L, 
172428404L, -1083309449L, -1830167699L, 1001118724L, -1274751190L, 
38741141L, -117877969L, 796787254L, 1942918752L, 407291043L, 
-1631170623L, -798471248L, 2050600654L, -392917959L, -2147446197L, 
-173979654L, -1142865156L, -630896833L, -345413611L, 1132976940L, 
-1475596286L, 1837406941L, -2062007849L, -1877013314L, -2011330824L, 
-2108017445L, 1538926393L, 904876680L, -1039124938L, 18212465L, 
405181603L, -651256334L, 186772804L, -1008579065L, -1981830179L, 
-552254252L, 910924794L, 122776389L, -705351777L, 1449338150L, 
-1766101584L, -601053613L, 2017354097L, -383924064L, 1306474558L, 
324751177L, 878310907L, -724436534L, -899680468L, -480213201L, 
-1514994203L, 817268892L, 2066627826L, -1493404307L, 643297959L, 
676486350L, 903442984L, -2007801301L, -202274743L, 1496709464L, 
-680968186L, -833957407L, -484304013L, -353521694L, 1645733716L, 
1414556247L, 253340237L, 108793316L, 48228298L, 1782917685L, 
-1455869809L, 1666363798L, -608850624L, 278093827L, 860774945L, 
1930093840L, -55661842L, -1119316327L, -1854367957L, -838118886L, 
-470011684L, 981937375L, -1986766155L, 1806978124L, 1238814882L, 
262410237L, 745336055L, 1636637214L, 654865624L, -146659269L, 
-1416556071L, 194545512L, -36435306L, 279671825L, -806607421L, 
-143595054L, -1487511452L, -19259481L, -791416579L, -2017303308L, 
162218970L, 622737189L, -50102721L, -438721082L, -926399920L, 
296148595L, 1945440913L, -669693248L, 1181691038L, 1310851177L, 
695237787L, -1571899990L, 1409971660L, -229590897L, 770308293L, 
1829746812L, 1366717650L, -317633459L, -1617363705L, 306995438L, 
1693086152L, -1223633205L, 832956201L, -2136264840L, -1004874586L, 
-1528367423L, -1404367021L, -946344958L, 408688948L, -1204653385L, 
-104198483L, -1549721660L, 1012017130L, 874637397L, -719686161L, 
-1478705674L, -648631520L, 2083808483L, -955517504L, 424051260L, 
1429191056L, 2017573410L, 1901358344L, -1335510388L, 569235228L, 
802402450L, -305962624L, 462668308L, -2017008856L, 1055548986L, 
494229968L, 54515052L, -1044352076L, -1455383534L, -616459808L, 
-824220724L, 844050656L, 1594386466L, -1431954136L, -1164626420L, 
-2144722116L, 989647858L, -2146025744L, 797755972L, -1298665896L, 
2031162170L, 1500942832L, -752009540L, 1722490132L, -1363583294L, 
-1013964704L, 213034876L, 1508531152L, -1677075166L, -362797400L, 
-471692404L, 905297084L, -1339562190L, 1831924288L, 291805364L, 
901384776L, 1968176570L, 949678608L, -938238228L, 1896836436L, 
-337644270L, -1862895200L, 1058791116L, 514803296L, -173116478L, 
534397736L, -1297024084L, -1831071940L, 2133851506L, -854888656L, 
-1953417948L, -1609376968L, -1946091814L, -371588208L, 905566972L, 
-1083583596L, 962564162L, -519397120L, 180671548L, -1488911024L, 
-703176542L, 1940938056L, 2019605260L, -1260191012L, 1607876946L, 
-1320427392L, -1940452268L, -406750232L, -1612376838L, 73940816L, 
-95449300L, -1898496652L, 1246420882L, -725287840L, -1806985844L, 
1173719904L, 226633186L, 35906472L, 942006476L, -1976435716L, 
280564146L, 118955504L, 973127620L, 1734107480L, -567888518L, 
-1704312912L, -1311042116L, -1998461868L, -1729198142L, -878430176L, 
245385404L, -256125360L, -1008865310L, 520419432L, 2138890316L, 
2053260540L, -1090873358L, 177212672L, -207096460L, 739715080L, 
-909773894L, -113187376L, -1382273044L, -1854239340L, -1853548078L, 
510329184L, -379557044L, 1070594336L, 1428600706L, -611088664L, 
-1274949396L, -1007306692L, 1141927794L, 511995504L, 60349476L, 
1338283832L, -1296825190L, 2054488784L, 490326204L, -1303058796L, 
-1170796926L, -1269536576L, -102211780L, 345538704L, 1711162914L, 
203738120L, 598748428L, -1570079588L, 1357251090L, 685773696L, 
-1723640300L, 423413288L, -1466618566L, -1992346160L, 1505091692L, 
39154996L, 1721778834L, -1155192992L, 80043852L, 1041874912L, 
-1757516894L, -1396032600L, -766830196L, 1674958012L, -468426382L, 
2000134384L, 1918459972L, -1617613480L, 1934369338L, -1348997264L, 
22928444L, -620356844L, -1254705726L, -47864096L, -1076628612L, 
-10136880L, 1262167202L, -620541912L, -1761634036L, 315302844L, 
-1813736142L, 304222656L, -1418702284L, -1076402232L, -96004934L, 
-1148733040L, 573317612L, -248607148L, 492293266L, -1243170016L, 
1964454348L, 1894436320L, -735519038L, -1795555288L, -2108346708L, 
-992399172L, -1312934414L, 1287793968L, -1675242332L, 1464324792L, 
-334821030L, 1725870480L, 1586511740L, -1601455852L, -670073022L, 
1962712832L, -1369693252L, -2028401840L, 1072951074L, 2066990408L, 
704153100L, -1383747492L, 191518930L, 2085209600L, 1812695380L, 
1532687848L, 2062152698L, -2099430192L, 1689200940L, 1926092532L, 
-1209313902L, -410632096L, 1838761228L, 1907053280L, 1082373474L, 
2039163560L, -2101308852L, 1688268156L, -2107723470L, 518667376L, 
751346500L, 37370328L, -1450701702L, 1534172720L, 966275772L, 
-703124652L, -975577022L, 238135712L, -1398827332L, -488663600L, 
-632637149L, -1956959708L, 1606533330L, -148342489L, 596783985L, 
326353334L, 1191491924L, -2028603419L, -1321532945L, -1297962712L, 
-1381645946L, -80654925L, 1926762773L, -1727192206L, -1815900224L, 
759111721L, -341771109L, 1398356332L, 546763130L, -1362230609L, 
-1549035079L, 394396622L, -600327396L, -1082649971L, -1345676553L, 
-628175360L, -154277794L, -1267563733L, 842321965L, 1231452314L, 
559672408L, 2127559617L, -1788865421L, -794051180L, 1189856290L, 
207565623L, -1068722687L, 1098987270L, 626723652L, 437763701L, 
1060683743L, -1571155144L, 1014904086L, -1527002845L, 1835987685L, 
679287554L, 1840443760L, 842045721L, -1941874421L, -840189444L, 
797233706L, 1175536223L, 404693481L, 174893822L, -1700379924L, 
-1416326595L, -134237689L, 1344173552L, -33188466L, 56036283L, 
-280099427L, -1575621814L, -140595352L, -590036655L, -1462431165L, 
-457992380L, -2093212686L, 1048515015L, 812205969L, -679964906L, 
-1839277196L, -983424507L, -1724894641L, 1391783496L, -1914056730L, 
1093091603L, 1950084725L, 1722115154L, -564449632L, -1572615287L, 
-323512389L, 1904302092L, 1083061658L, -1085393649L, 1793768281L, 
-627300882L, -869851012L, -1388124947L, 1908519831L, -601625504L, 
1399950910L, 1249437451L, -1599152755L, 1504765626L, -1842805512L, 
1192661665L, -1484787117L, -2012017292L, -1699273982L, 1358087063L, 
1582523745L, -983603802L, 1793103780L, 388272725L, 839836415L, 
1943693208L, 1537976502L, 1710751043L, -526885755L, 1507730722L, 
-1692275184L, 1515048377L, 864636523L, 2066678108L, 918141066L, 
-627298177L, -1422466615L, 752362078L, -1800734452L, -740393763L, 
1347058151L, -213720560L, 1913487150L, 137446363L, 1603654845L, 
-1838332374L, -1492780344L, 1879039985L, -1461448349L, 163660132L, 
12952722L, -1851975321L, 1175518001L, -1284538250L, -1996236396L, 
-1880343131L, 677230255L, 505696104L, 1838637894L, 2077594355L, 
-89027499L, -1031405518L, 1598225920L, -1232539927L, -135598757L, 
